#0-rmin 2-rmax 3-e 
6.33133 7.15267 0.0609125 
8.50979 9.70301 0.0655157 
6.31924 6.89879 0.0438459 
5.60726 7.01689 0.111661 
8.04041 11.1396 0.161586 
6.12511 6.91927 0.0608815 
6.49125 8.97799 0.160753 
6.59036 9.39019 0.175202 
6.66305 7.32127 0.0470683 
5.24211 7.53771 0.179627 
7.1407 7.53045 0.0265658 
9.46265 9.95035 0.0251226 
7.25955 9.3747 0.127156 
4.9287 6.92407 0.168346 
7.06283 9.62018 0.153291 
6.75939 7.12841 0.0265714 
3.87471 7.70996 0.331063 
8.97089 11.2259 0.11165 
6.69013 8.97662 0.145946 
3.0501 6.17994 0.339093 
6.75294 8.29423 0.10243 
7.00394 10.5267 0.200947 
5.78926 6.56117 0.0625009 
5.61908 9.28188 0.24581 
7.26095 10.2249 0.169506 
6.11964 8.64212 0.170879 
7.02432 8.95367 0.12075 
7.41326 8.42918 0.0641267 
7.32091 8.99753 0.102744 
5.62516 7.47242 0.141038 
3.90274 6.65043 0.260367 
5.68054 8.07066 0.173812 
5.61116 7.64148 0.153201 
6.85894 7.24003 0.0270299 
6.01995 10.4641 0.269601 
9.24717 9.44496 0.0105813 
8.55479 12.2166 0.17629 
5.9459 7.92608 0.142747 
6.95671 8.06619 0.073852 
6.3897 8.22947 0.125846 
7.11534 8.90567 0.111749 
5.0986 6.11449 0.0905988 
6.58411 7.99808 0.0969655 
8.50901 9.54779 0.0575284 
8.27499 10.8987 0.136837 
5.83783 6.84271 0.0792464 
7.67971 11.3151 0.191388 
4.86982 6.51709 0.144663 
5.74248 7.09326 0.105236 
6.89161 7.65262 0.0523237 
6.09678 8.04006 0.137462 
7.87808 9.20163 0.0774927 
7.24439 8.99361 0.107724 
6.87702 9.2088 0.144959 
6.99221 7.52353 0.0366027 
4.51983 7.11787 0.223243 
5.33931 6.84581 0.123634 
7.66327 15.691 0.343737 
9.49722 10.6807 0.058652 
6.96728 8.55571 0.102328 
6.01271 8.19321 0.153492 
6.46418 7.30395 0.0609937 
6.80262 7.87233 0.0728936 
3.14174 6.45959 0.345561 
3.62402 7.89409 0.370726 
6.18245 8.37394 0.150552 
6.64531 7.53788 0.0629317 
5.08583 6.87743 0.149758 
5.61039 6.83106 0.0981137 
6.38368 7.39737 0.0735567 
6.43292 8.69386 0.149466 
6.93985 9.55153 0.158366 
6.03742 6.60917 0.0452094 
6.40669 8.39938 0.134586 
6.44229 8.64124 0.145785 
6.51847 8.0154 0.102996 
6.09865 10.296 0.256022 
6.29706 7.26988 0.0717053 
5.49707 6.67148 0.0965114 
4.36078 7.27718 0.250594 
6.07742 8.80424 0.183234 
8.26642 10.7745 0.131718 
6.14616 7.06795 0.0697581 
6.66525 8.42099 0.11638 
7.79044 8.98228 0.0710583 
8.98028 11.7298 0.132764 
6.07579 7.21877 0.0859736 
6.41599 9.91278 0.214149 
6.48222 8.01348 0.105635 
6.27827 8.48037 0.149207 
6.83318 11.7758 0.265603 
6.703 7.35983 0.046707 
7.55204 10.7645 0.175386 
5.50426 6.48935 0.0821349 
9.58023 11.3415 0.0841832 
8.3409 10.891 0.132599 
5.1976 6.63793 0.121695 
5.84333 8.42188 0.180758 
5.84949 7.53336 0.125823 
6.08202 6.78778 0.0548378 
5.56479 7.31183 0.135675 
6.32141 7.26804 0.0696595 
7.70264 8.64051 0.0573857 
4.24847 7.61641 0.283858 
5.79397 6.78529 0.0788057 
6.59882 9.80835 0.195618 
7.30668 9.78879 0.145191 
5.62437 6.67952 0.085758 
9.07984 9.56293 0.0259134 
5.96973 7.06631 0.0841187 
7.19512 7.91733 0.0477894 
6.50039 8.51234 0.134016 
7.81039 9.62817 0.104239 
6.6558 8.23009 0.105758 
5.56257 7.26874 0.132969 
4.67765 7.31245 0.219748 
9.55374 13.9619 0.187456 
6.17647 7.20964 0.0771819 
9.82375 19.4219 0.328191 
3.62584 7.71373 0.360498 
4.15618 6.8447 0.244391 
7.80146 8.407 0.0373593 
5.67319 7.49748 0.138512 
4.85192 7.25919 0.198765 
8.58755 10.6196 0.105795 
8.54442 12.7869 0.198885 
5.61454 9.0903 0.236368 
8.49604 9.21803 0.0407576 
4.33613 6.15561 0.17342 
5.6174 8.05232 0.178125 
5.69903 8.70901 0.20891 
5.9574 7.04766 0.0838332 
7.82333 8.15411 0.0207028 
7.45241 14.8443 0.331523 
5.6232 7.90131 0.168443 
4.40819 6.31312 0.177676 
9.05511 17.6129 0.320901 
8.49154 9.52602 0.0574151 
7.97749 11.1421 0.165516 
8.22618 9.6838 0.0813859 
6.27529 7.71348 0.10281 
7.98071 8.94097 0.0567476 
6.83418 10.1238 0.193986 
6.10886 8.96284 0.18936 
8.10691 9.15688 0.0608194 
4.98409 8.25949 0.24732 
6.90033 8.80229 0.121124 
6.07181 8.4316 0.162706 
6.12725 9.78605 0.229921 
7.49913 8.3519 0.0537991 
6.95998 9.40314 0.149309 
8.98561 12.3078 0.156019 
7.17193 8.29627 0.0726874 
6.7808 9.3099 0.157177 
5.61865 6.83162 0.0974254 
5.95609 7.45779 0.111951 
8.53967 10.0513 0.0813103 
7.56126 8.99266 0.0864685 
8.05918 10.1215 0.113435 
5.24874 6.68928 0.120668 
6.23754 7.36498 0.0828849 
6.48379 8.5581 0.137902 
6.69092 8.48517 0.118229 
5.93858 8.18617 0.159125 
3.13896 8.2375 0.448166 
6.68412 8.62931 0.127025 
8.59883 10.1622 0.0833322 
5.98679 8.2138 0.156825 
7.25035 9.9873 0.158777 
5.5306 9.4004 0.259179 
5.38127 6.63299 0.104186 
5.87349 7.99724 0.15311 
7.51845 10.006 0.141949 
6.33365 6.69343 0.0276181 
6.19737 10.8167 0.271499 
5.684 6.9526 0.10039 
7.96777 8.93441 0.0571902 
5.34319 7.5448 0.170826 
5.40234 6.58591 0.0987275 
5.43658 6.6928 0.103568 
4.63969 7.27703 0.221314 
8.31536 11.2024 0.147917 
7.72198 9.84501 0.120853 
6.1671 9.45678 0.210555 
7.96436 10.6213 0.142956 
4.6876 6.17031 0.136556 
7.12181 9.29717 0.13249 
5.77399 7.65155 0.13985 
7.36896 8.59017 0.0765213 
8.11021 11.1626 0.158376 
8.87381 12.9241 0.185812 
7.76705 9.80268 0.11586 
7.86575 8.73033 0.0520959 
5.5936 7.54805 0.148722 
5.65902 6.13632 0.0404651 
6.0922 9.75343 0.231056 
4.86483 6.64188 0.154436 
6.41497 9.71643 0.204661 
6.00046 10.7054 0.281633 
5.84418 8.73666 0.198376 
8.58515 9.445 0.0476896 
6.4654 7.69592 0.0868929 
6.84696 7.62984 0.0540781 
4.76651 7.6116 0.229848 
5.38236 6.55803 0.0984612 
8.35535 10.1885 0.0988525 
4.79295 6.40228 0.143752 
7.39166 8.14825 0.0486874 
7.88976 9.28986 0.0814974 
6.73288 7.36143 0.0445955 
7.2624 10.4036 0.177811 
4.95717 6.55435 0.138747 
6.06213 8.25632 0.153242 
9.19984 13.1528 0.176844 
4.31042 6.05816 0.168561 
5.30701 7.80064 0.190243 
9.70212 12.6425 0.131592 
8.63055 11.5577 0.144991 
3.91916 9.38202 0.410706 
6.78288 8.71589 0.124721 
5.47402 8.86424 0.236446 
6.5975 6.89059 0.0217295 
5.54498 9.24984 0.250416 
7.38937 8.2984 0.0579455 
8.6049 9.89276 0.0696228 
4.89106 6.63342 0.151188 
7.82892 10.5154 0.146445 
7.33573 8.89156 0.0958771 
5.32098 6.57134 0.10514 
9.07339 10.702 0.0823555 
6.5694 10.6436 0.236694 
4.96733 6.75802 0.152719 
8.41592 9.38332 0.0543506 
8.16972 9.78241 0.0898326 
9.55268 10.6111 0.0524932 
5.92871 6.58779 0.0526569 
6.6185 8.54936 0.1273 
7.96614 8.91608 0.0562687 
8.27922 10.0369 0.095963 
5.99874 8.09786 0.14891 
7.32644 8.37563 0.0668187 
5.67377 8.02826 0.171835 
6.71044 7.69558 0.0683842 
7.28346 9.2186 0.117266 
6.28938 8.1858 0.131012 
6.91695 10.9645 0.226355 
7.01742 10.9528 0.218993 
6.85215 8.35282 0.0986959 
7.15649 9.5746 0.144528 
9.23433 14.1705 0.210903 
6.60377 6.92658 0.0238577 
6.83737 10.7765 0.223636 
6.37866 7.44575 0.0771891 
7.53141 10.1635 0.14875 
5.74657 6.85418 0.0879003 
8.67076 9.9906 0.0707258 
8.25183 9.81664 0.0866041 
6.41676 10.656 0.248303 
7.6545 8.35391 0.0436898 
5.37476 6.80002 0.117066 
6.60903 7.13903 0.0385508 
5.67596 7.06541 0.10905 
4.79219 6.42242 0.145367 
4.15592 6.14298 0.192939 
6.52778 8.06084 0.105086 
5.07562 6.33399 0.11029 
7.28153 10.7948 0.194357 
8.33032 14.3598 0.26573 
5.87447 7.61799 0.129222 
6.92486 7.14737 0.0158124 
7.75327 9.22179 0.0865108 
5.69369 6.90911 0.0964403 
6.53831 9.17165 0.167622 
6.01135 6.84838 0.0650889 
7.08188 7.59094 0.0346941 
6.97722 8.772 0.11396 
5.72669 6.57483 0.0689458 
5.78904 7.07819 0.100189 
6.12151 7.75511 0.117723 
5.22027 8.22966 0.223747 
8.97106 14.8543 0.246933 
7.47278 9.58183 0.123665 
8.63777 9.79239 0.0626481 
6.42001 7.79414 0.0966734 
5.03553 7.01184 0.164045 
8.3255 9.69436 0.0759639 
5.89531 7.26355 0.103979 
9.42818 11.1605 0.0841395 
7.31979 9.46997 0.128065 
7.88107 10.5617 0.145346 
7.48391 8.55487 0.0667733 
7.95791 14.247 0.283231 
3.16651 7.61734 0.412731 
5.58227 6.62461 0.0853892 
5.86072 6.29766 0.0359376 
7.2882 10.2942 0.170968 
3.81161 6.16574 0.235948 
4.29858 6.44512 0.199796 
7.83606 8.40397 0.0349697 
7.64974 10.7441 0.168229 
8.06783 10.9186 0.150146 
7.73006 8.40992 0.0421227 
7.59945 10.2631 0.14912 
5.92331 7.11184 0.091179 
6.3319 8.4468 0.143104 
8.70447 10.5723 0.0968977 
8.52001 10.9093 0.122972 
8.21477 10.0742 0.101669 
6.62459 8.63142 0.131544 
7.3092 11.0804 0.205073 
6.33972 7.43521 0.079528 
6.07915 6.87646 0.0615412 
5.1097 9.32098 0.291829 
8.31937 9.63394 0.0732215 
6.97507 8.92811 0.122808 
7.60477 9.35196 0.103038 
4.26482 6.25197 0.18895 
6.02149 7.22015 0.0905221 
5.6921 7.74485 0.152769 
8.42953 9.91848 0.0811507 
6.29286 8.80976 0.166653 
7.7219 9.2767 0.0914663 
6.9703 12.2542 0.274852 
7.42916 10.4393 0.168462 
5.90218 8.26402 0.166723 
4.60856 6.57204 0.175615 
8.10279 10.2393 0.116482 
7.28615 9.71768 0.142999 
6.17453 7.24415 0.0797113 
6.32016 8.9571 0.172606 
5.47963 6.42278 0.0792406 
7.46329 11.5266 0.213972 
7.39418 10.4021 0.169018 
6.09341 8.6728 0.174682 
5.6552 8.05693 0.175153 
7.86314 9.53885 0.0962936 
6.0144 10.0219 0.249901 
6.54224 10.1933 0.218163 
5.50948 7.27352 0.137999 
5.22694 6.72532 0.125364 
6.8093 10.6096 0.21817 
8.61088 16.2607 0.307574 
9.05581 10.7471 0.0854051 
5.08195 7.44326 0.188525 
8.15895 9.16438 0.058039 
6.14117 6.6885 0.0426614 
5.47653 8.70208 0.227494 
6.31466 9.21861 0.18695 
6.03143 8.4886 0.169226 
7.64236 8.3734 0.0456454 
6.53942 7.42449 0.063382 
8.20257 10.8674 0.13974 
6.88293 10.2293 0.195553 
5.52082 6.97745 0.116546 
6.9978 9.17779 0.134771 
7.04799 8.65527 0.102353 
7.27758 9.25521 0.119618 
6.44173 8.64284 0.145918 
5.837 7.64362 0.134016 
6.39779 8.27925 0.128191 
6.00098 7.63129 0.119591 
6.86016 8.73005 0.11994 
7.43435 13.8906 0.302755 
8.40136 12.8049 0.207654 
5.79457 7.86192 0.151382 
6.22783 7.71377 0.106583 
6.5967 12.3618 0.304089 
3.81478 8.07455 0.358285 
6.69059 9.51492 0.174282 
8.22503 13.9051 0.256668 
6.61101 9.22873 0.165263 
6.65578 9.78487 0.190327 
7.73268 9.4132 0.098013 
6.94121 7.79559 0.057976 
5.62027 7.71909 0.157341 
4.56275 7.17388 0.222477 
7.32883 8.70668 0.0859254 
5.69607 7.68998 0.148954 
6.75158 9.71369 0.179901 
8.14635 9.10464 0.0555499 
5.03365 6.02297 0.0894784 
5.31893 7.36403 0.161248 
5.98746 6.42207 0.0350218 
5.94784 10.0684 0.257272 
7.12379 9.42129 0.138863 
5.50151 8.12324 0.192424 
2.97751 7.33301 0.422433 
4.99786 6.92551 0.16167 
5.61208 8.09867 0.18136 
5.60295 8.63743 0.21309 
9.1436 9.49409 0.0188054 
7.56084 10.8763 0.179826 
5.18414 6.03248 0.0756318 
6.67342 8.24145 0.105132 
7.75981 9.39564 0.0953531 
6.35692 9.92624 0.219204 
5.91984 8.41511 0.174069 
9.85988 16.2725 0.245389 
8.90217 9.43143 0.0288681 
8.45465 13.7585 0.238771 
